5,291,30,400,-300,0
01,  01,  01,  01,  01,
01,  01,  01,  01,  01,
01,  01,  01,  01,  01,
01,  01,  01,  01,  01,
01,  01,  01,  01,  01,
01,  01,  01,  01,  01,
01,  00,  00,  09,  01,
01,  00,  00,  09,  01,
01,  00,  00,  09,  01,
01,  00,  00,  09,  01,
01,  00,  00,  09,  01,
01,  00,  00,  09,  01,
01,  00,  00,  09,  01,
01,  00,  00,  09,  01,
01,  00,  00,  09,  01,
01,  00,  00,  09,  01,
01,  00,  00,  09,  01,
01,  00,  00,  09,  01,
01,  00,  00,  09,  01,
01,  00,  00,  09,  01,
01,  00,  00,  09,  01,
01,  00,  00,  09,  01,
01,  00,  00,  09,  01,
01,  00,  00,  09,  01,
01,  00,  00,  09,  01,
01,  00,  00,  09,  01,
01,  00,  00,  09,  01,
01,  00,  00,  09,  01,
01,  00,  00,  09,  01,
01,  00,  00,  09,  01,
01,  00,  00,  09,  01,
01,  00,  00,  09,  01,
01,  00,  00,  09,  01,
01,  00,  00,  09,  01,
01,  00,  00,  09,  01,
01,  00,  00,  09,  01,
01,  00,  00,  09,  01,
01,  00,  00,  09,  01,
01,  00,  00,  09,  01,
01,  00,  00,  09,  01,
01,  00,  00,  09,  01,
01,  00,  00,  09,  01,
01,  00,  00,  09,  01,
01,  00,  00,  09,  01,
01,  00,  00,  09,  01,
01,  00,  00,  09,  01,
01,  00,  00,  09,  01,
01,  00,  00,  09,  01,
01,  00,  00,  09,  01,
01,  00,  00,  09,  01,
01,  00,  00,  09,  01,
01,  00,  00,  09,  01,
01,  00,  00,  09,  01,
01,  00,  00,  09,  01,
01,  00,  00,  09,  01,
01,  00,  00,  09,  01,
01,  00,  00,  09,  01,
01,  00,  00,  09,  01,
01,  00,  00,  09,  01,
01,  00,  00,  09,  01,
01,  00,  00,  09,  01,
01,  00,  00,  09,  01,
01,  00,  00,  09,  01,
01,  00,  00,  09,  01,
01,  00,  00,  09,  01,
01,  00,  00,  09,  01,
01,  00,  00,  09,  01,
01,  00,  00,  09,  01,
01,  00,  00,  09,  01,
01,  00,  00,  09,  01,
01,  00,  00,  09,  01,
01,  00,  00,  09,  01,
01,  00,  00,  09,  01,
01,  00,  00,  09,  01,
01,  00,  00,  09,  01,
01,  00,  00,  09,  01,
01,  00,  00,  09,  01,
01,  00,  00,  09,  01,
01,  00,  00,  09,  01,
01,  00,  00,  09,  01,
01,  00,  00,  09,  01,
01,  00,  00,  09,  01,
01,  00,  00,  09,  01,
01,  00,  00,  09,  01,
01,  00,  00,  09,  01,
01,  00,  00,  09,  01,
01,  00,  00,  09,  01,
01,  00,  00,  09,  01,
01,  00,  00,  09,  01,
01,  00,  00,  09,  01,
01,  00,  00,  09,  01,
01,  00,  00,  09,  01,
01,  00,  00,  09,  01,
01,  00,  00,  09,  01,
01,  00,  00,  09,  01,
01,  00,  00,  09,  01,
01,  00,  00,  09,  01,
01,  00,  00,  09,  01,
01,  00,  00,  09,  01,
01,  00,  00,  09,  01,
01,  00,  00,  09,  01,
01,  00,  00,  09,  01,
01,  00,  00,  09,  01,
01,  00,  00,  09,  01,
01,  00,  00,  09,  01,
01,  00,  00,  09,  01,
01,  00,  00,  09,  01,
01,  00,  00,  09,  01,
01,  00,  00,  09,  01,
01,  00,  00,  09,  01,
01,  00,  00,  09,  01,
01,  00,  00,  09,  01,
01,  00,  00,  09,  01,
01,  00,  00,  09,  01,
01,  00,  00,  09,  01,
01,  00,  00,  09,  01,
01,  00,  00,  09,  01,
01,  00,  00,  09,  01,
01,  00,  00,  09,  01,
01,  00,  00,  09,  01,
01,  00,  00,  09,  01,
01,  00,  00,  09,  01,
01,  00,  00,  09,  01,
01,  00,  00,  09,  01,
01,  00,  00,  09,  01,
01,  00,  00,  09,  01,
01,  00,  00,  09,  01,
01,  00,  00,  09,  01,
01,  00,  00,  09,  01,
01,  00,  00,  09,  01,
01,  00,  00,  09,  01,
01,  00,  00,  09,  01,
01,  00,  00,  09,  01,
01,  00,  00,  09,  01,
01,  00,  00,  09,  01,
01,  00,  00,  09,  01,
01,  00,  00,  09,  01,
01,  00,  00,  09,  01,
01,  00,  00,  09,  01,
01,  00,  00,  09,  01,
01,  00,  00,  09,  01,
01,  00,  00,  09,  01,
01,  00,  00,  09,  01,
01,  00,  00,  09,  01,
01,  00,  00,  09,  01,
01,  00,  00,  09,  01,
01,  00,  00,  09,  01,
01,  00,  00,  09,  01,
01,  00,  00,  09,  01,
01,  00,  00,  09,  01,
01,  00,  00,  09,  01,
01,  00,  00,  09,  01,
01,  00,  00,  09,  01,
01,  00,  00,  09,  01,
01,  00,  00,  09,  01,
01,  00,  00,  09,  01,
01,  00,  00,  09,  01,
01,  00,  00,  09,  01,
01,  00,  00,  09,  01,
01,  00,  00,  09,  01,
01,  00,  00,  09,  01,
01,  00,  00,  09,  01,
01,  00,  00,  09,  01,
01,  00,  00,  09,  01,
01,  00,  00,  09,  01,
01,  00,  00,  09,  01,
01,  00,  00,  09,  01,
01,  00,  00,  09,  01,
01,  00,  00,  09,  01,
01,  00,  00,  09,  01,
01,  00,  00,  09,  01,
01,  00,  00,  09,  01,
01,  00,  00,  09,  01,
01,  00,  00,  09,  01,
01,  00,  00,  09,  01,
01,  00,  00,  09,  01,
01,  00,  00,  09,  01,
01,  00,  00,  09,  01,
01,  00,  00,  09,  01,
01,  00,  00,  09,  01,
01,  00,  00,  09,  01,
01,  00,  00,  09,  01,
01,  00,  00,  09,  01,
01,  00,  00,  09,  01,
01,  00,  00,  09,  01,
01,  00,  00,  09,  01,
01,  00,  00,  09,  01,
01,  00,  00,  09,  01,
01,  00,  00,  09,  01,
01,  00,  00,  09,  01,
01,  00,  00,  09,  01,
01,  00,  00,  09,  01,
01,  00,  00,  09,  01,
01,  00,  00,  09,  01,
01,  00,  00,  09,  01,
01,  00,  00,  09,  01,
01,  00,  00,  09,  01,
01,  00,  00,  09,  01,
01,  00,  00,  09,  01,
01,  00,  00,  09,  01,
01,  00,  00,  09,  01,
01,  00,  00,  09,  01,
01,  00,  00,  09,  01,
01,  00,  00,  09,  01,
01,  00,  00,  09,  01,
01,  00,  00,  09,  01,
01,  00,  00,  09,  01,
01,  00,  05,  09,  01,
01,  00,  00,  09,  01,
01,  00,  00,  09,  01,
01,  00,  00,  09,  01,
01,  00,  00,  09,  01,
01,  00,  00,  09,  01,
01,  00,  00,  09,  01,
01,  00,  00,  09,  01,
01,  00,  00,  09,  01,
01,  00,  00,  09,  01,
01,  00,  00,  09,  01,
01,  00,  00,  09,  01,
01,  00,  00,  09,  01,
01,  00,  00,  09,  01,
01,  00,  00,  09,  01,
01,  00,  00,  09,  01,
01,  00,  00,  09,  01,
01,  00,  00,  09,  01,
01,  00,  00,  09,  01,
01,  00,  00,  09,  01,
01,  00,  00,  09,  01,
01,  00,  00,  09,  01,
01,  00,  00,  09,  01,
01,  00,  00,  09,  01,
01,  00,  00,  09,  01,
01,  00,  00,  09,  01,
01,  00,  00,  09,  01,
01,  00,  00,  09,  01,
01,  00,  00,  09,  01,
01,  00,  00,  09,  01,
01,  00,  00,  09,  01,
01,  00,  00,  09,  01,
01,  00,  00,  09,  01,
01,  00,  00,  09,  01,
01,  00,  00,  09,  01,
01,  00,  00,  09,  01,
01,  00,  00,  09,  01,
01,  00,  00,  09,  01,
01,  00,  00,  09,  01,
01,  00,  00,  09,  01,
01,  00,  00,  09,  01,
01,  00,  00,  09,  01,
01,  00,  00,  09,  01,
01,  00,  00,  09,  01,
01,  00,  00,  09,  01,
01,  00,  00,  09,  01,
01,  00,  00,  09,  01,
01,  00,  00,  09,  01,
01,  00,  00,  09,  01,
01,  00,  00,  09,  01,
01,  00,  00,  09,  01,
01,  00,  00,  09,  01,
01,  00,  00,  09,  01,
01,  00,  00,  09,  01,
01,  00,  00,  09,  01,
01,  00,  00,  09,  01,
01,  00,  00,  09,  01,
01,  00,  00,  09,  01,
01,  00,  00,  09,  01,
01,  00,  00,  09,  01,
01,  00,  00,  09,  01,
01,  00,  00,  09,  01,
01,  00,  00,  09,  01,
01,  00,  00,  09,  01,
01,  00,  00,  09,  01,
01,  00,  00,  09,  01,
01,  00,  00,  09,  01,
01,  00,  00,  09,  01,
01,  00,  00,  09,  01,
01,  00,  00,  09,  01,
01,  00,  00,  09,  01,
01,  00,  00,  09,  01,
01,  00,  00,  09,  01,
01,  00,  00,  09,  01,
01,  00,  00,  09,  01,
01,  00,  00,  09,  01,
01,  00,  00,  09,  01,
01,  00,  00,  09,  01,
01,  00,  00,  09,  01,
01,  00,  00,  09,  01,
01,  00,  00,  09,  01,
01,  00,  00,  09,  01,
01,  00,  00,  09,  01,
01,  06,  00,  09,  01,
01,  01,  01,  01,  01,

