30,72,30,200,-300,0
01,  00,  00,  00,  00,  00,  00,  00,  00,  00,  00,  00,  00,  00,  00,  00,  00,  00,  00,  00,  00,  00,  00,  00,  00,  00,  00,  00,  00,  00,
01,  00,  00,  00,  00,  00,  00,  00,  00,  00,  00,  00,  00,  00,  00,  00,  00,  00,  00,  00,  00,  00,  00,  00,  00,  00,  00,  00,  00,  00,
01,  00,  00,  00,  00,  00,  00,  00,  00,  00,  00,  00,  00,  00,  00,  00,  00,  00,  00,  00,  00,  00,  00,  00,  00,  00,  00,  00,  00,  00,
01,  00,  00,  00,  00,  00,  00,  00,  00,  00,  00,  00,  00,  00,  00,  00,  00,  00,  00,  00,  00,  00,  00,  00,  00,  00,  00,  00,  00,  00,
01,  00,  00,  00,  00,  00,  00,  00,  00,  00,  00,  00,  00,  00,  00,  00,  00,  00,  00,  00,  00,  00,  00,  00,  00,  00,  00,  00,  00,  00,
01,  00,  00,  00,  00,  00,  00,  00,  00,  00,  00,  00,  00,  00,  00,  00,  00,  00,  00,  00,  00,  00,  00,  00,  00,  00,  00,  00,  00,  00,
01,  00,  00,  00,  00,  00,  00,  00,  00,  00,  00,  00,  00,  00,  00,  00,  00,  00,  00,  00,  00,  00,  00,  00,  00,  00,  00,  00,  00,  00,
01,  00,  00,  00,  00,  00,  00,  00,  00,  00,  00,  00,  00,  00,  00,  00,  00,  00,  00,  00,  00,  00,  00,  00,  00,  00,  00,  00,  00,  00,
01,  00,  00,  00,  00,  00,  00,  00,  00,  00,  00,  00,  00,  00,  00,  00,  00,  00,  00,  00,  00,  00,  00,  00,  00,  00,  00,  00,  00,  00,
01,  00,  00,  00,  00,  00,  00,  00,  00,  00,  00,  00,  00,  00,  00,  00,  00,  00,  00,  00,  00,  00,  00,  00,  00,  00,  00,  00,  00,  00,
01,  03,  03,  00,  00,  00,  00,  00,  00,  00,  00,  00,  00,  00,  00,  00,  00,  00,  00,  00,  00,  00,  00,  00,  00,  00,  00,  00,  00,  00,
01,  00,  00,  00,  00,  00,  00,  00,  00,  00,  00,  00,  00,  00,  00,  00,  00,  00,  00,  00,  00,  00,  00,  00,  00,  00,  00,  00,  00,  00,
01,  00,  00,  00,  00,  00,  00,  00,  00,  00,  00,  00,  00,  00,  00,  00,  00,  00,  00,  00,  00,  00,  00,  00,  00,  00,  00,  00,  00,  00,
01,  00,  00,  00,  00,  03,  03,  00,  00,  00,  00,  00,  00,  00,  00,  00,  00,  00,  00,  00,  00,  00,  00,  00,  00,  00,  00,  00,  00,  00,
01,  00,  00,  00,  00,  00,  00,  00,  00,  00,  00,  00,  00,  00,  00,  00,  00,  00,  00,  00,  00,  00,  00,  00,  00,  00,  00,  00,  00,  00,
01,  00,  00,  00,  00,  00,  00,  00,  00,  00,  00,  00,  00,  00,  00,  00,  00,  00,  00,  00,  00,  00,  00,  00,  00,  00,  00,  00,  00,  00,
01,  00,  00,  00,  00,  00,  00,  00,  00,  00,  00,  00,  00,  00,  00,  00,  00,  00,  00,  00,  00,  00,  00,  00,  00,  00,  00,  00,  00,  00,
01,  00,  00,  00,  00,  00,  00,  00,  00,  00,  00,  00,  00,  00,  00,  00,  00,  00,  00,  00,  00,  00,  00,  00,  00,  00,  00,  00,  00,  00,
01,  00,  00,  00,  00,  00,  00,  00,  00,  00,  00,  00,  00,  00,  00,  00,  00,  00,  00,  00,  00,  00,  00,  00,  00,  00,  00,  00,  00,  00,
01,  00,  00,  00,  00,  00,  00,  00,  00,  00,  00,  00,  00,  00,  00,  00,  00,  00,  00,  00,  00,  00,  00,  00,  00,  00,  00,  00,  00,  00,
01,  00,  00,  00,  00,  00,  00,  00,  00,  00,  00,  00,  03,  03,  03,  00,  00,  00,  00,  00,  00,  00,  00,  00,  00,  00,  00,  00,  00,  00,
01,  00,  00,  00,  00,  00,  00,  00,  00,  00,  00,  00,  00,  00,  00,  00,  00,  00,  00,  00,  00,  00,  00,  00,  00,  00,  00,  00,  00,  00,
01,  00,  00,  00,  00,  00,  00,  00,  00,  00,  00,  00,  00,  00,  00,  00,  00,  00,  00,  00,  00,  00,  00,  00,  00,  00,  00,  00,  00,  00,
01,  00,  00,  00,  00,  00,  00,  00,  00,  00,  00,  00,  00,  00,  00,  00,  00,  00,  00,  00,  00,  00,  00,  00,  00,  00,  00,  00,  00,  00,
01,  00,  00,  00,  00,  00,  00,  00,  00,  00,  00,  00,  00,  00,  00,  00,  00,  00,  00,  00,  00,  00,  00,  00,  00,  00,  00,  00,  00,  00,
01,  00,  00,  00,  00,  00,  00,  00,  00,  00,  00,  00,  00,  00,  00,  00,  00,  00,  00,  00,  00,  00,  00,  00,  00,  00,  00,  00,  00,  00,
01,  00,  00,  00,  00,  00,  00,  00,  00,  00,  00,  00,  00,  00,  00,  00,  00,  00,  00,  00,  00,  00,  00,  00,  00,  00,  00,  00,  00,  00,
01,  00,  00,  00,  00,  00,  00,  00,  00,  00,  00,  00,  00,  00,  00,  00,  00,  00,  00,  00,  00,  00,  00,  00,  00,  00,  00,  00,  00,  00,
01,  00,  00,  00,  00,  00,  00,  00,  00,  00,  00,  00,  00,  00,  00,  00,  00,  00,  00,  00,  00,  00,  00,  00,  00,  00,  00,  00,  00,  00,
01,  00,  00,  00,  00,  00,  00,  00,  00,  00,  00,  00,  00,  00,  00,  00,  00,  00,  00,  00,  00,  00,  00,  00,  00,  00,  00,  00,  00,  00,
01,  00,  00,  00,  00,  00,  00,  00,  00,  00,  00,  00,  00,  00,  00,  00,  00,  00,  00,  00,  00,  00,  00,  00,  00,  00,  00,  00,  00,  00,
01,  00,  00,  00,  00,  00,  00,  00,  00,  00,  00,  00,  00,  00,  00,  00,  00,  00,  00,  00,  03,  03,  00,  00,  00,  00,  00,  00,  00,  00,
01,  00,  00,  00,  00,  00,  00,  00,  00,  00,  00,  00,  00,  00,  00,  00,  00,  00,  00,  00,  00,  00,  00,  00,  00,  00,  00,  00,  00,  00,
01,  00,  00,  00,  00,  00,  00,  00,  00,  00,  00,  00,  00,  00,  00,  00,  00,  00,  00,  00,  00,  00,  00,  00,  00,  00,  00,  00,  00,  00,
01,  00,  00,  00,  00,  00,  00,  00,  00,  00,  00,  00,  00,  00,  00,  00,  00,  00,  00,  00,  00,  00,  00,  00,  00,  00,  00,  00,  00,  00,
01,  00,  00,  00,  00,  00,  00,  00,  00,  00,  00,  00,  00,  00,  00,  00,  00,  00,  00,  00,  00,  00,  00,  00,  00,  00,  00,  00,  00,  00,
01,  00,  00,  00,  00,  00,  00,  00,  00,  00,  00,  00,  00,  00,  00,  00,  00,  00,  00,  00,  00,  00,  00,  00,  00,  00,  00,  00,  00,  00,
01,  00,  00,  00,  00,  00,  00,  00,  00,  00,  00,  00,  00,  00,  00,  00,  00,  00,  00,  00,  00,  00,  00,  00,  00,  00,  00,  00,  00,  00,
01,  00,  00,  00,  00,  00,  00,  00,  00,  00,  00,  00,  00,  00,  00,  00,  00,  00,  00,  00,  00,  00,  00,  00,  00,  00,  00,  00,  00,  00,
01,  00,  00,  00,  00,  00,  00,  00,  00,  00,  00,  00,  00,  00,  00,  00,  00,  00,  00,  00,  00,  00,  00,  00,  00,  00,  00,  00,  00,  00,
01,  00,  00,  00,  00,  00,  00,  00,  00,  00,  00,  00,  00,  00,  00,  00,  00,  00,  00,  00,  00,  00,  00,  00,  00,  00,  00,  00,  00,  00,
01,  04,  04,  04,  04,  04,  04,  04,  04,  04,  04,  04,  04,  04,  04,  04,  04,  04,  04,  04,  04,  04,  04,  04,  00,  00,  04,  04,  04,  04,
01,  00,  00,  00,  00,  00,  00,  00,  00,  00,  00,  00,  00,  00,  00,  00,  00,  00,  00,  00,  00,  00,  00,  00,  00,  00,  00,  00,  00,  00,
01,  00,  00,  00,  00,  00,  00,  00,  00,  00,  00,  00,  00,  00,  00,  00,  00,  00,  00,  00,  00,  00,  00,  00,  00,  00,  00,  00,  00,  00,
01,  00,  00,  00,  00,  00,  00,  00,  00,  00,  00,  00,  00,  00,  00,  00,  00,  00,  00,  00,  00,  00,  00,  00,  00,  00,  00,  00,  00,  00,
01,  00,  00,  00,  00,  00,  00,  00,  00,  00,  00,  00,  00,  00,  00,  00,  00,  00,  00,  00,  00,  00,  00,  00,  00,  00,  00,  00,  00,  00,
01,  00,  00,  00,  00,  00,  00,  00,  00,  00,  00,  00,  00,  00,  00,  00,  00,  00,  00,  00,  00,  00,  00,  00,  00,  00,  00,  00,  00,  00,
01,  00,  00,  00,  00,  00,  00,  00,  00,  00,  00,  00,  00,  00,  00,  00,  00,  00,  00,  00,  00,  00,  00,  00,  00,  00,  00,  00,  00,  00,
01,  00,  00,  00,  00,  00,  00,  00,  00,  00,  00,  00,  00,  00,  00,  00,  00,  00,  00,  00,  00,  00,  00,  00,  03,  03,  00,  00,  00,  00,
01,  00,  00,  00,  00,  00,  00,  00,  00,  00,  00,  00,  00,  00,  00,  00,  00,  00,  00,  00,  00,  00,  00,  00,  00,  00,  00,  00,  00,  00,
01,  00,  00,  00,  00,  00,  00,  00,  00,  00,  00,  00,  00,  00,  00,  00,  00,  00,  00,  00,  00,  00,  00,  00,  00,  00,  00,  00,  00,  00,
01,  00,  00,  00,  00,  00,  00,  00,  00,  00,  00,  00,  00,  00,  00,  00,  00,  00,  00,  00,  00,  03,  03,  00,  00,  00,  00,  00,  00,  00,
01,  00,  00,  00,  00,  00,  00,  00,  00,  00,  00,  00,  00,  00,  00,  00,  00,  00,  00,  00,  00,  00,  00,  00,  00,  00,  00,  00,  00,  00,
01,  00,  00,  00,  00,  00,  00,  00,  00,  00,  00,  00,  00,  00,  00,  00,  00,  00,  00,  00,  00,  00,  00,  00,  00,  00,  00,  00,  00,  00,
01,  00,  00,  00,  00,  00,  00,  00,  00,  00,  00,  00,  00,  00,  00,  00,  00,  00,  00,  03,  03,  00,  00,  00,  00,  00,  00,  00,  00,  00,
01,  00,  00,  00,  00,  00,  00,  00,  00,  00,  00,  00,  00,  00,  00,  00,  00,  00,  00,  00,  00,  00,  00,  00,  00,  00,  00,  00,  00,  00,
01,  00,  00,  00,  00,  00,  00,  00,  00,  00,  00,  00,  00,  00,  00,  00,  00,  00,  00,  00,  00,  00,  00,  00,  00,  00,  00,  00,  00,  00,
01,  00,  00,  00,  00,  00,  00,  00,  00,  00,  00,  00,  00,  00,  00,  00,  00,  03,  03,  00,  00,  00,  00,  00,  00,  00,  00,  00,  00,  00,
01,  00,  00,  00,  00,  00,  00,  00,  00,  00,  00,  00,  00,  00,  00,  00,  00,  00,  00,  00,  00,  00,  00,  00,  00,  00,  00,  00,  00,  00,
01,  00,  00,  00,  00,  00,  00,  00,  00,  00,  00,  00,  00,  00,  00,  00,  00,  00,  00,  00,  00,  00,  00,  00,  00,  00,  00,  00,  00,  00,
01,  00,  00,  00,  00,  00,  00,  00,  00,  00,  00,  00,  00,  00,  00,  03,  03,  00,  00,  00,  00,  00,  00,  00,  00,  00,  00,  00,  00,  00,
01,  00,  00,  00,  00,  00,  00,  00,  00,  00,  00,  00,  00,  00,  00,  00,  00,  00,  00,  00,  00,  00,  00,  00,  00,  00,  00,  00,  00,  00,
01,  00,  00,  00,  00,  00,  00,  00,  00,  00,  00,  00,  00,  00,  00,  00,  00,  00,  00,  00,  00,  00,  00,  00,  00,  00,  00,  00,  00,  00,
01,  00,  00,  00,  00,  00,  00,  00,  00,  00,  00,  00,  00,  03,  03,  00,  00,  00,  00,  00,  00,  00,  00,  00,  00,  00,  00,  00,  00,  00,
01,  11,  00,  00,  00,  00,  00,  00,  00,  00,  00,  00,  00,  00,  00,  00,  00,  00,  00,  00,  00,  00,  00,  00,  00,  00,  00,  00,  00,  00,
01,  03,  03,  03,  03,  00,  00,  00,  00,  00,  00,  00,  00,  00,  00,  00,  00,  00,  00,  00,  00,  00,  00,  00,  00,  00,  00,  00,  00,  00,
01,  00,  00,  00,  00,  03,  00,  00,  00,  00,  03,  03,  00,  00,  00,  00,  00,  00,  00,  00,  00,  00,  00,  00,  00,  00,  00,  00,  00,  00,
01,  00,  00,  00,  00,  08,  00,  00,  00,  00,  00,  00,  00,  00,  00,  00,  00,  00,  00,  00,  00,  00,  00,  00,  00,  00,  00,  00,  00,  00,
01,  00,  00,  00,  00,  03,  03,  03,  03,  00,  00,  00,  00,  00,  00,  00,  00,  00,  00,  00,  00,  00,  00,  00,  00,  00,  00,  00,  00,  00,
01,  00,  00,  00,  00,  00,  00,  00,  00,  00,  00,  00,  00,  00,  00,  00,  00,  00,  00,  00,  00,  00,  00,  00,  00,  00,  00,  00,  00,  00,
01,  00,  00,  00,  00,  00,  00,  00,  00,  00,  00,  00,  00,  00,  00,  00,  00,  00,  00,  00,  00,  00,  00,  00,  00,  00,  00,  00,  00,  00,
01,  04,  04,  04,  04,  04,  04,  04,  04,  04,  04,  04,  04,  04,  04,  04,  04,  04,  04,  04,  04,  04,  04,  04,  04,  04,  04,  04,  04,  04,
